736
918
150
757
1262
931
992
1281
1265
349
490
589
871
452
1168
284
154
619
533
233
629
449
875
9
933
263
1152
1227
1160
1019
1274
109
316
1158
1141
617
402
315
1073
1143
929
1220
651
1264
1248
463
157
1172
228
520
661
1079
831
754
427
747
1118
75
824
400
1308
690
181
648
591
1137
306
839
115
802
973
248
324
989
1014
675
593
698
310
742
48
777
1049
198
408
1068
1083
789
1175
838
1219
340
801
406
649
606
803
271
1146
1094
166
1025
892
759
454
1313
1047
132
627
3
35
374
753
1283
379
518
1127
522
238
15
1266
786
163
461
23
1043
1214
735
941
657
470
46
123
1037
215
613
581
530
688
679
484
436
1056
1117
237
1303
445
369
743
1077
1287
878
823
549
942
1176
412
1255
850
734
889
535
773
231
602
331
1053
847
1173
332
424
1236
650
965
1045
399
71
646
61
1050
184
784
822
414
660
1159
477
1193
274
1132
319
330
904
476
1075
65
962
956
1319
1294
873
944
479
564
921
1249
1179
585
937
291
146
376
516
815
592
913
401
1134
1326
437
210
66
366
1271
1327
512
191
640
84
1040
442
372
462
97
1004
961
469
172
389
10
347
1112
597
993
1000
976
1063
438
1138
926
1217
1192
998
297
804
333
183
598
105
917
995
485
180
108
729
217
114
443
187
631
1209
272
635
853
799
615
69
303
44
971
1164
298
1246
697
693
947
756
111
844
954
37
31
1048
1102
869
816
304
914
475
1250
532
356
1256
501
1111
710
55
385
1072
897
969
1223
665
671
186
1288
583
664
67
1194
1003
1267
733
1330
762
715
473
1092
156
1093
1222
1335
953
1096
371
1216
800
551
645
1041
521
559
165
472
1033
313
141
819
730
1235
1258
1129
817
605
256
39
488
1104
68
1228
1046
809
1067
943
846
264
1131
623
702
991
1178
704
268
1186
456
1221
898
1291
670
1116
879
280
299
794
632
1108
1018
101
232
1130
618
1208
830
695
945
807
464
1035
882
663
997
394
130
354
155
624
1195
508
1324
1333
1052
7
676
419
682
285
717
73
252
1241
881
14
874
556
213
365
16
171
1015
1122
60
705
149
420
90
750
133
1312
1085
934
459
336
286
50
153
1064
1089
860
103
1062
758
1065
781
262
1166
579
1060
1284
225
337
1231
1289
988
528
706
167
912
208
32
1139
720
813
261
207
999
769
1181
493
588
4
377
57
652
1140
1076
450
1210
1009
339
655
235
329
700
447
896
128
1277
611
1218
728
1275
1165
1135
204
177
278
1230
981
1090
1206
1204
1044
833
373
1023
517
451
1268
886
821
89
1123
1238
511
169
418
64
985
49
909
876
1125
434
1036
410
1254
76
1029
1197
972
341
242
837
24
211
188
63
397
647
855
95
513
1022
1107
1245
1097
1154
185
138
636
891
790
159
78
458
423
543
152
1153
77
355
1201
1278
608
687
361
1151
783
196
726
30
776
741
468
923
683
346
774
1310
353
863
1087
639
745
1024
767
1069
1011
761
686
1150
1297
1226
497
795
920
83
1213
357
1016
548
226
407
1012
1260
200
967
1185
40
755
699
694
218
489
380
362
814
391
744
1030
788
1212
563
1163
1034
775
1325
364
142
189
964
498
696
572
19
1091
791
911
678
74
906
982
1008
254
637
1257
709
1211
244
170
641
93
1253
724
47
584
496
227
104
980
160
1059
571
1100
265
1263
525
140
1182
529
267
653
151
504
806
771
1272
1177
1155
223
539
594
229
335
1136
1055
519
113
236
887
17
555
1174
425
396
25
216
509
932
378
828
536
1110
230
1
1020
495
164
368
91
482
731
370
935
137
360
1032
534
51
1039
388
1180
1128
895
199
136
840
295
129
1305
1021
240
701
983
603
173
120
220
1247
925
674
939
148
834
417
182
748
343
192
28
492
36
288
994
344
557
387
85
500
139
311
924
56
1199
643
740
884
471
94
107
53
1167
342
1233
54
1105
1190
483
880
259
818
294
250
1161
968
851
541
1328
732
922
415
718
915
322
334
595
644
1157
241
659
1332
18
514
1318
81
126
568
712
460
1237
940
190
1329
309
768
903
206
867
673
952
96
1086
375
552
580
314
247
692
29
793
293
1184
946
1285
359
222
121
116
82
457
966
98
856
287
738
607
1296
621
21
547
797
928
277
778
52
1334
243
527
176
193
722
1301
1196
955
1320
1017
194
352
1028
1147
323
1269
1006
662
1114
546
510
977
124
1229
1124
570
620
577
281
1113
772
134
1010
749
978
1314
409
474
858
175
270
827
405
865
275
526
1224
1311
381
1187
1013
395
634
835
363
1304
88
658
848
1098
201
320
902
779
958
916
147
616
959
486
782
179
654
6
901
751
276
92
257
467
305
318
796
893
677
1005
1282
45
1191
465
80
5
145
122
1133
766
219
599
428
382
1251
358
1243
986
1101
859
970
569
1205
110
996
404
1309
99
135
1273
1120
383
614
685
951
739
0
435
764
792
1106
586
1232
820
852
283
633
253
441
487
785
542
713
1126
466
1171
234
1286
507
87
604
269
249
8
239
950
600
1189
1066
885
703
1149
1103
22
33
1295
1322
849
888
119
43
446
642
246
161
727
422
1183
1169
963
1042
1051
300
1261
890
625
562
544
494
1078
317
550
1292
787
524
1315
209
1259
127
864
221
1200
1144
798
949
984
20
